"Searching_Work","Have_Job","Number_Jobs","Hours_Work","Commuting_Hours","Sleeping","Leisure_Activites","Scale_Food_Insecurity","ClassWork_Hours","Studying_Hours","Qualify_Reduced_Lunch","Worry_Food_Running_Out","Afford_Balanced_Meals","Share_Residence","Rent_Mortgage_Hold","Home_Public_Housing","Monthly_Income_Rent_Mortgage","Times_Moved","Safety_Feeling","Left_Household_Unsafe","Thrown_Out_By_Household","Have_Children","Age","Gender","GPA","Student_Status","Work_Study","Student_Loans","Savings","Pell_Grant","Federal_Grants","Family_Support","Credit_Cards","Sexual_Orientation","Parents_Education"
0,1,0,20,7,46,4,1,20,15,0,0,1,1,0,1,1,1,0,0,0,0,23,1,4,0,1,1,0,0,0,1,0,0,0
0,1,1,40,0,35,15,1,7,3,0,0,0,1,0,0,0,0,1,0,0,1,36,0,4,1,1,0,1,0,0,1,0,0,0
0,1,1,48,8,56,4,1,12,12,1,0,0,1,0,0,0,0,0,0,0,1,30,0,4,1,0,0,0,1,1,1,0,0,0
0,1,1,15,3.3,25,5,1,13,10,0,0,1,1,0,0,0,0,0,0,0,0,21,1,3.2728,0,1,0,1,0,0,1,0,1,1
0,1,1,32,4,49,10,2,32,5,0,1,0,1,0,1,0,2,1,0,0,0,19,0,4,0,1,0,1,0,1,0,0,0,1
0,1,2,40,2,42,50,2,15,20,0,0,1,1,0,0,0,0,1,0,0,0,20,0,2.1147,0,1,0,1,1,1,0,1,1,0
0,1,0,13,1,28,10,2,10,10,0,0,0,1,0,0,1,0,1,0,0,0,24,1,4,0,1,0,1,0,0,0,1,0,0
0,1,1,20,4,49,14,1,4,30,0,0,1,1,1,0,0,0,0,0,0,0,31,0,3.5,0,0,1,1,0,0,1,0,0,0
1,1,1,20,5,49,96,1,16,5,0,0,0,0,0,0,0,1,0,0,0,0,22,0,4,1,1,1,1,1,1,0,0,0,0
0,1,2,20,5,50,20,1,18,18,1,0,0,1,0,0,0,2,0,0,0,0,19,0,3.6181,0,1,0,1,1,1,1,0,0,1
0,1,2,7,4,56,3,1,5,5,0,0,0,1,0,0,0,0,0,0,0,0,20,0,3.6039,0,1,0,1,0,0,0,0,0,1
0,1,1,40,1,8,20,1,1,12,0,0,0,0,0,0,0,0,0,0,0,0,23,0,3.5242,1,1,0,1,0,0,1,0,0,1
1,1,3,20,1,48,7,1,10,40,0,0,1,1,1,0,1,2,0,0,0,0,20,0,3.9738,0,1,1,0,1,1,0,0,0,0
1,0,1,0,3,56,9,1,6,14,0,0,0,0,0,0,0,0,0,0,0,0,18,1,4,0,0,1,0,0,0,0,0,0,0
0,1,1,30,5,25,25,1,7,30,0,0,0,1,1,0,0,1,1,1,0,0,20,0,2.6001,0,1,1,0,0,0,1,0,0,0
0,1,2,50,7,42,14,1,20,20,0,0,0,1,0,0,0,0,0,0,0,1,25,0,3.9223,1,0,0,0,0,0,1,0,0,1
0,1,2,10,3,7,14,5,5.5,20,0,1,1,0,0,0,0,0,0,0,0,0,20,0,3.1106,0,1,0,1,0,1,0,1,0,0
1,1,1,17,6,51,28,6,10,10,0,1,1,1,1,1,1,1,0,0,0,0,19,0,3.49,0,1,0,1,1,1,1,0,0,0
0,1,1,15,1,49,20,1,12,7,0,0,0,1,0,1,0,0,0,0,0,0,21,0,3.6875,0,1,1,1,0,0,0,0,0,1
0,1,1,0,2,56,25,6,60,8,1,1,1,1,0,0,1,1,0,0,0,0,19,1,2.2595,0,0,1,1,0,1,1,0,0,1
1,1,1,21,1,7,20,3,1,5,0,0,1,1,0,0,1,0,0,0,0,0,21,0,3.9702,0,1,0,0,0,0,0,1,0,0
0,1,1,20,1,45,20,1,7,30,1,0,0,0,0,0,1,0,0,0,0,0,28,0,4,0,1,1,0,1,0,0,1,0,1
0,1,1,36,1,60,22,4,17,15,0,0,1,1,0,0,1,1,0,0,0,0,19,0,3.9741,0,1,0,1,0,0,1,0,0,0
0,1,2,17,3,37,5,2,8,24,1,0,1,1,0,0,0,0,0,0,0,0,22,1,4,0,0,1,0,0,0,1,0,1,1
0,1,2,40,7.5,39,15,1,3,60,0,1,0,0,0,0,0,0,0,0,0,0,19,0,3.4292,0,1,1,1,0,0,0,1,0,0
0,1,2,40,1,42,20,1,50,5,0,0,0,0,0,0,1,1,0,0,0,0,19,0,3.9176,0,1,1,0,0,0,1,0,1,1
0,1,2,50,5,40,5,1,20,5,0,0,0,1,0,0,1,0,0,0,0,0,30,0,4,1,1,0,0,0,0,1,1,0,1
0,1,2,44,0,42,6,3,5,5,0,1,1,1,1,0,1,0,0,0,0,1,33,0,2.866,0,1,1,1,0,0,1,1,0,1
0,1,2,34,3,40,10,1,20,30,0,0,0,1,0,0,1,0,0,0,0,0,34,0,3.8723,0,1,1,1,0,0,0,0,0,0
0,1,1,40,1,50,20,1,4,0,0,0,0,1,0,0,0,0,0,0,0,1,50,1,3.4983,1,1,0,1,0,0,1,0,0,0
0,1,1,40,1,49,10,1,42,10,0,0,0,0,0,0,0,0,0,0,0,0,55,1,4,1,1,0,1,0,0,1,0,1,1
0,1,1,6,0,6,6,1,3,6,0,0,0,0,0,0,0,0,0,0,0,0,20,0,3.5543,0,0,0,0,1,1,0,0,0,1
0,0,1,0,3,55,10,2,25,5,1,0,0,1,0,0,0,0,0,0,0,0,20,0,3.466,0,0,0,0,1,0,1,0,0,1
1,0,1,0,5,40,20,10,20,10,0,1,1,1,1,1,1,2,0,0,0,0,20,0,2.9073,0,1,1,1,0,0,1,0,1,0
0,1,2,45,3,60,3,6,12,12,1,1,1,1,1,1,1,4,0,0,0,0,20,0,2.9883,0,1,1,1,1,0,1,0,0,1
0,0,1,0,0,42,21,3,35,45,0,1,1,0,0,0,0,0,0,1,1,0,18,0,3.8338,0,0,0,1,0,0,0,0,1,0
0,1,1,26,1,49,20,3,18,30,0,1,0,1,0,0,1,1,0,0,0,0,20,0,3.9196,0,1,0,0,0,0,0,0,0,0
0,1,1,7,9,50,5,1,10,30,0,0,1,1,0,0,0,0,0,0,0,0,22,0,4,0,0,0,0,0,0,0,0,0,0
0,1,2,60,5,49,4,1,7,7,1,0,0,1,0,0,0,0,0,0,0,1,39,0,3.8575,0,0,0,1,0,0,1,1,0,1
1,1,1,12,2,49,21,1,0,6,0,0,1,1,0,0,1,0,0,0,0,0,27,0,2.1527,1,0,0,1,0,1,1,0,0,0
0,1,1,48,1,45,10,1,6,3,0,0,0,0,0,0,0,0,0,0,0,1,43,1,3.3945,1,0,0,1,0,0,1,0,0,1
0,1,2,54,7.5,42,4,4,0,20,0,1,0,1,1,0,0,0,0,0,0,0,58,1,4,1,1,0,0,0,0,1,0,0,0
1,0,0,0,0,56,35,1,4,6,1,0,1,1,0,0,0,2,0,0,0,0,18,0,3.5892,0,1,1,1,1,0,0,0,0,0
1,1,1,30,5,28,5,4,20,18,1,1,1,0,1,0,1,1,1,1,0,0,21,0,3.1453,0,1,0,0,1,1,1,0,1,1
0,1,2,43,2,42,14,1,8,6,0,0,1,1,0,0,0,0,0,0,0,0,26,0,4,1,1,1,1,0,1,1,0,1,1
1,0,1,0,4,42,12,1,3,4,0,0,1,0,0,0,0,0,0,0,0,0,18,0,3.4623,0,0,1,0,0,0,0,0,0,0
0,1,1,16,0,6,30,1,4,10,0,0,0,1,0,0,0,0,0,0,0,0,62,0,3.3543,1,1,1,1,0,0,1,0,0,1
0,1,2,60,1,42,5,6,5,15,0,1,1,0,1,0,1,0,0,0,0,0,37,0,4,0,1,1,1,0,0,1,0,1,1
0,0,1,0,0,54,5,5,6,7,0,1,1,1,0,0,1,0,1,0,0,1,24,0,3.5648,0,0,1,0,0,1,0,0,0,1
0,0,1,0,0,42,42,1,2,42,0,0,0,1,0,0,0,0,0,0,0,0,18,0,2.5,0,0,0,1,0,1,0,0,0,1
0,1,2,60,6,25,5,2,5,13,0,0,1,0,1,0,1,0,0,0,0,1,36,1,3.549,0,0,0,0,0,0,1,0,0,1
0,0,1,0,0,59,14,1,6,42,0,0,0,1,0,0,0,0,0,0,0,0,18,0,4,0,0,0,1,0,0,0,0,0,0
1,1,3,40,3,52,2,7,16,6,0,1,1,1,0,0,1,4,0,0,0,0,20,0,3.3661,0,1,1,0,0,0,0,1,0,1
0,1,3,75,4,40,3,2,10,6,0,1,1,1,0,0,0,0,0,0,0,0,22,0,4,1,1,0,0,0,0,1,1,0,1
1,0,1,0,3,84,30,1,12,24,0,1,1,0,0,0,0,4,1,0,0,0,20,1,3.0265,0,0,1,0,1,0,1,0,0,1
0,0,1,0,1,37,30,1,18,50,0,0,0,1,0,0,0,0,0,0,0,0,19,0,3.6026,0,1,0,0,0,1,0,0,0,0
1,0,1,0,1,49,30,1,2,2,0,0,0,1,0,0,0,0,0,0,0,0,21,0,3.6204,0,0,1,0,0,0,0,0,0,0
0,1,1,18,6,56,45,1,18,12,0,0,0,1,0,0,0,0,0,0,0,0,20,0,3.9175,0,1,0,0,1,0,1,0,1,1
0,1,1,40,0,56,25,1,2,12,0,0,0,1,0,0,0,1,0,0,0,1,38,0,4,1,1,0,0,0,0,1,1,0,1
0,0,1,0,3,56,20,1,16,25,0,0,0,1,0,0,1,1,0,0,0,0,32,0,3.6673,0,0,1,0,0,0,1,0,0,1
0,1,1,6,4,6,2,1,8,2,0,0,0,0,0,1,0,0,0,0,0,0,19,0,3.547,0,1,1,0,0,0,1,0,0,0
1,0,1,0,2,15,8,8,6,10,0,1,1,0,1,0,0,0,0,0,0,0,20,0,2.6926,0,0,1,1,1,1,1,0,0,1
0,1,1,27,4,40,8,7,11,10,0,1,1,1,0,0,1,2,0,0,0,0,19,0,3.531,0,1,1,0,0,0,1,1,0,0
0,1,1,35,0,42,2,7,9,12,1,1,1,1,1,0,0,0,1,0,0,0,21,0,2.6118,0,1,1,1,1,0,0,0,0,1
0,1,1,40,0,60,31,1,6,2,0,0,0,0,0,0,0,1,1,0,0,0,23,0,4,0,0,1,1,0,0,1,0,0,0
0,1,1,8,4,50,60,1,11,6,0,0,1,1,0,0,1,1,0,0,0,0,24,0,4,0,1,1,0,0,0,0,0,1,0
0,1,2,50,2,35,5,2,1,15,0,0,0,0,0,0,0,0,1,0,0,1,32,0,3.4095,1,0,1,1,0,0,1,0,0,1
0,1,1,25,3,49,8,6,5,25,0,1,1,1,0,0,1,1,0,0,0,0,20,0,3.2804,0,1,0,1,0,0,0,0,0,0
1,0,1,0,0,48,6,10,15,8,0,1,1,1,0,0,1,2,1,0,0,0,20,0,2.2975,0,0,1,1,0,0,1,0,1,1
0,1,1,59,7,42,4,3,5,42,0,0,1,0,0,0,1,0,1,0,0,0,47,1,4,0,1,0,1,0,0,1,1,0,1
0,1,3,80,0,50,5,1,10,10,0,0,0,1,0,0,0,0,0,0,0,1,48,0,3.8556,1,1,0,0,0,0,1,0,0,1
0,1,1,26,3,40,20,5,10,5,0,0,0,1,0,0,0,2,0,0,0,0,21,0,2.1685,0,1,0,0,1,1,1,0,0,1
0,1,1,12,20,6,3,2,40,4,1,0,0,0,1,0,0,0,1,0,0,0,18,1,3.2569,0,1,0,1,1,0,0,0,0,0
0,1,1,20,0,56,25,1,8,21,0,0,1,1,0,0,0,1,1,0,0,0,20,0,3.805,0,1,1,1,1,1,1,0,1,1
0,1,1,34,0,38,7,1,5,10,0,0,0,1,0,0,0,0,0,0,0,0,18,0,4,0,1,1,0,0,0,1,0,1,1
0,1,1,20,7,52,12,1,5,5,0,0,0,1,0,0,0,0,0,0,0,0,26,0,4,0,1,1,0,0,1,0,0,0,0
1,1,2,17,6,42,14,5,4,35,0,1,1,1,0,0,1,0,0,0,0,0,32,0,3.9758,0,1,1,1,1,0,1,1,1,1
0,1,1,40,0,63,14,1,2,10,0,0,1,1,0,0,0,0,0,0,0,0,25,0,4,1,0,1,0,0,0,1,1,0,1
0,1,1,32,10,40,4,3,15,15,0,1,1,1,1,0,1,1,1,0,0,0,22,1,2.866,0,1,0,1,0,0,1,0,0,1
0,1,1,45,3,50,35,3,34,0,0,1,0,0,1,0,1,0,0,0,0,0,25,1,3,1,1,0,1,0,0,1,0,1,0
0,1,2,30,3,20,5,5,20,20,0,1,1,1,1,0,1,3,1,1,0,0,19,0,3.9454,0,1,1,1,0,0,1,0,0,1
1,0,1,0,1,63,35,2,11,10,0,1,1,1,0,0,0,0,0,0,0,0,19,0,3.566,0,1,1,0,0,0,0,0,0,0
1,0,1,0,2,65,21,1,35,21,0,1,1,0,0,0,0,0,0,0,0,0,19,0,3.9553,0,0,1,0,0,0,0,0,1,0
0,1,1,10,1,56,10,7,15,15,0,1,1,0,1,0,0,1,0,0,0,0,19,0,3.9208,0,1,1,0,0,1,1,0,1,0
0,0,1,16,2,64,55,1,4,2,0,0,0,1,0,0,0,0,0,0,0,1,39,0,2.8363,1,0,0,0,0,0,1,0,0,0
0,1,2,13,1,29,15,1,5,22,0,0,0,0,0,0,0,0,0,0,0,0,19,0,3.9809,0,1,1,0,0,1,1,0,0,1
0,0,2,0,0,58,40,2,15,32,0,0,1,1,0,0,0,3,0,0,0,0,19,1,3.8534,0,1,1,0,0,1,0,0,0,0
0,0,1,0,3,35,7,2,30,28,0,1,1,0,0,1,0,2,0,0,0,0,22,0,4,0,0,1,1,0,0,1,0,0,1
1,0,1,0,0,48,10,6,15,12,1,1,1,0,0,0,0,0,0,0,0,1,19,0,2.8382,0,0,1,1,1,1,0,0,1,1
0,0,1,0,2,6,25,1,7,32,1,0,0,0,0,0,0,0,0,0,0,0,18,0,4,0,0,0,1,1,0,0,0,0,1
1,0,1,0,1,20,6,1,18,24,0,0,0,1,0,0,0,1,0,0,0,0,22,0,3.3005,1,0,0,1,0,1,0,0,0,0
1,1,2,36,3,30,5,5,15,4,0,1,1,1,1,0,1,1,0,0,0,0,21,0,3.1851,0,0,1,1,0,0,1,0,0,1
0,1,1,40,6,35,7,1,4,26,0,0,0,1,0,0,0,0,1,0,0,1,36,0,3.81,1,0,1,1,0,0,1,0,0,1
0,1,0,4,1,54,9,2,7,25,1,0,1,1,0,0,0,1,0,0,0,0,20,0,3.6675,0,1,0,0,1,1,1,0,0,0
0,0,1,0,7,49,35,1,35,28,0,0,0,0,0,0,0,0,0,0,0,1,20,1,3.7489,0,0,1,1,0,1,0,0,0,0
0,0,1,0,0,50,40,1,5,20,0,0,0,1,0,0,0,0,0,0,0,0,19,0,3.7918,0,0,0,1,0,0,0,0,0,1
0,0,1,0,0,48,25,1,13,15,0,0,0,0,1,1,1,1,0,0,0,0,21,0,3.9371,0,0,0,1,0,0,1,0,0,1
0,1,0,7,1,56,25,6,12,25,0,1,1,1,1,0,0,0,0,0,0,0,19,1,3.6732,0,1,1,1,1,0,0,0,1,0
1,0,1,0,0,32,5,6,105,14,0,1,1,1,0,0,0,1,1,1,0,0,27,0,2.6907,0,0,0,1,1,1,0,0,0,0
1,1,1,40,1,42,6,1,9,14,0,1,0,1,0,0,1,0,0,0,0,0,30,0,0,0,0,0,1,0,0,0,0,1,0
0,0,1,0,1,33,20,1,30,20,0,0,1,1,1,0,0,0,0,0,0,0,22,1,3.9835,0,0,0,0,0,1,0,0,0,0
0,1,1,23,1,56,60,1,20,40,0,0,0,1,1,0,0,1,0,1,0,0,19,0,3.3337,0,1,0,0,1,1,0,1,0,0
0,0,1,0,6,48,14,6,45,20,0,1,0,1,0,0,1,1,0,0,0,0,22,0,3.3684,0,0,1,0,0,0,0,0,1,0
1,0,1,0,1,42,18,1,5,15,0,0,0,1,0,1,0,0,0,0,0,0,18,0,3.2053,0,0,0,1,0,0,0,0,0,0
0,1,1,28,5,45,10,1,11,2,1,0,0,0,0,0,0,3,0,0,0,0,20,0,3.671,0,1,1,1,1,1,0,0,0,1
1,1,2,50,10,42,4,5,5,5,0,1,1,1,0,1,1,0,0,0,0,0,19,0,3.6802,0,1,0,0,0,0,1,0,0,0
0,0,1,0,0,42,10,7,12,35,0,1,1,1,1,0,1,0,0,1,0,0,20,0,3.756,0,0,1,0,1,1,1,0,0,0
1,1,2,36,1,30,3,1,7,5,0,1,1,1,1,0,1,2,0,0,0,0,31,0,3.5,1,1,0,1,0,0,1,0,0,0
0,1,1,48,10,42,10,1,30,20,0,0,0,1,0,0,0,0,0,0,0,1,54,0,4,1,0,1,1,0,0,1,0,0,1
0,0,1,0,0,56,75,1,30,30,0,0,0,1,1,0,1,3,0,1,1,0,18,0,3.9175,0,0,1,0,1,1,1,0,0,1
0,0,2,0,5,40,61,1,12,50,0,0,0,1,0,0,0,0,0,0,0,0,21,1,4,0,0,0,1,0,0,0,0,0,1
0,1,1,7,2,49,21,1,9,18,0,0,1,1,0,0,0,0,0,0,0,0,18,0,4,0,1,1,1,0,1,0,0,0,1
0,1,1,40,2,49,15,9,1,11,1,1,1,1,0,0,0,0,0,0,0,0,30,0,3.643,0,0,1,1,1,0,1,0,0,1
0,0,2,0,0,25,40,2,6,40,0,0,1,0,0,0,0,1,0,0,0,0,18,0,2.9333,0,1,0,0,0,0,0,0,1,1
1,1,1,40,7,52,20,1,2,4,0,1,1,1,1,0,1,2,0,0,0,0,20,0,3.3449,0,1,1,1,1,1,0,1,0,0
0,1,2,40,10,42,12,1,5,2,0,0,0,1,0,0,0,0,0,0,0,1,26,0,3.9381,0,0,0,0,0,0,1,0,0,1
0,1,2,24,6,50,4,6,16,12,0,1,1,1,0,0,0,3,1,0,0,0,20,0,3.8355,0,1,1,0,1,1,1,0,1,1
0,1,1,40,6,38,3,1,25,10,0,0,0,1,0,0,0,0,0,0,0,1,46,0,3.4175,0,1,1,1,1,1,1,0,0,1
0,1,1,53,0,49,8,1,12,8,0,0,0,1,0,0,0,0,0,0,0,0,31,1,4,1,1,0,1,0,0,1,0,0,1
1,0,1,3,0,42,20,1,12,10,0,0,0,1,0,0,0,0,0,0,0,0,19,1,3.0636,0,0,1,0,0,0,0,0,0,1
1,1,2,8,1,49,60,1,10,25,0,0,1,0,0,0,0,0,0,0,0,0,21,0,3.9922,0,1,0,1,0,0,0,0,1,0
0,1,1,40,2,35,2,5,28,32,1,1,1,1,0,0,0,0,0,0,0,1,49,0,3.5,1,1,1,0,0,0,1,1,0,1
0,1,2,50,2,30,5,3,6,10,0,1,0,0,0,0,1,0,0,0,0,0,29,0,4,1,0,0,0,0,0,0,0,0,1
0,0,1,0,0,56,15,1,9,9,0,0,0,0,0,0,0,0,0,0,0,0,19,0,3.6665,0,0,1,0,1,0,0,0,1,0
0,1,1,46,1,35,5,1,5,15,0,0,0,1,0,0,0,0,0,0,0,1,52,1,3.5,1,1,0,1,0,0,1,0,0,0
1,1,1,6,3,21,30,1,21,20,0,0,1,1,0,0,0,2,0,0,0,0,20,0,3.29,0,1,1,1,1,1,1,0,0,1
0,0,1,0,0,63,30,1,10,10,0,1,1,1,0,0,0,1,0,0,0,0,19,0,3.7288,0,0,0,1,1,0,0,0,1,1
0,0,1,0,2,55,35,1,10,8,0,0,0,1,0,0,0,1,1,0,0,0,18,0,3.8743,0,0,1,0,0,0,0,0,1,0
0,1,3,35,0,42,10,1,9,20,0,0,1,0,1,0,1,1,0,0,0,0,22,1,3.6666,0,1,1,0,0,0,0,0,1,0
0,1,2,40,8,40,10,9,12,10,1,0,1,1,0,0,0,3,1,0,1,1,32,1,3.066,0,1,0,0,0,0,1,1,0,0
1,0,2,16,5,49,24,6,8,8,0,1,0,1,1,1,1,0,1,0,0,0,29,1,4,1,0,1,0,1,1,0,0,0,1
0,1,1,15,6,54,10,4,5,20,0,0,1,1,0,0,1,1,0,1,0,0,20,0,3.2763,0,1,1,0,0,0,0,0,1,1
0,0,1,0,0,84,12,10,15,15,1,1,1,1,0,0,0,0,1,1,0,0,19,0,2.0925,0,0,1,0,1,1,1,0,0,0
0,1,1,25,6,42,10,1,3,5,0,0,0,1,0,0,1,1,0,0,0,0,19,0,4,0,1,1,0,1,0,1,0,0,1
0,1,1,20,0,40,32,1,25,30,0,0,0,1,0,0,0,0,0,0,0,1,63,0,3.4,1,0,0,0,0,0,1,0,0,1
0,1,1,40,0,35,7,8,1,20,0,1,1,1,0,0,1,0,0,0,0,1,50,0,3.334,1,1,1,0,1,0,0,1,0,1
0,1,2,40,7,40,20,1,50,40,1,0,0,1,0,0,0,0,0,0,0,1,49,0,4,1,1,0,1,0,0,1,0,0,0
0,1,1,55,5,42,7,1,10,15,0,0,0,1,0,0,0,0,0,0,0,1,51,0,2.6681,1,1,0,1,0,0,1,0,0,1
1,0,1,0,2,30,21,10,15,35,1,1,1,1,0,0,0,1,0,0,0,0,18,0,1.33,0,0,1,1,1,1,0,0,1,1
0,1,2,45,8,39,5,1,5,24,0,0,0,1,0,0,0,1,0,0,0,1,31,1,4,0,0,0,1,0,0,1,0,0,0
1,1,1,25,5,25,5,5,5,5,1,1,1,1,1,0,1,2,1,0,0,0,18,0,3.8984,0,1,1,0,1,1,0,0,0,0
0,1,1,16,4,56,10,1,6,10,0,0,0,0,0,0,0,0,0,0,0,0,19,0,3.8214,0,1,1,0,0,0,0,0,0,0
1,1,2,20,0,40,5,3,20,10,0,0,0,1,0,0,0,0,0,0,0,0,19,1,4,0,1,0,1,0,0,1,0,0,1
0,1,1,36,0,8,6,1,11,12,1,0,0,0,0,0,0,0,0,0,0,0,24,1,2.667,0,0,0,1,1,0,0,0,0,1
1,0,1,0,0,35,12,5,0,65,1,1,1,1,1,0,0,0,1,1,0,1,32,0,3.9168,0,0,0,0,1,0,1,0,1,1
0,1,1,40,5,49,5,1,5,3,0,0,0,1,0,0,1,2,0,0,0,0,21,1,2.902,1,1,0,0,0,0,1,0,0,1
1,0,1,0,2,40,4,1,20,40,0,0,1,1,0,0,0,0,0,1,0,0,19,0,3.612,0,0,1,1,0,0,1,0,1,1
0,1,2,13,4,35,10,3,7,40,0,1,0,1,1,0,1,1,0,0,0,0,22,0,3.25,0,1,1,0,0,0,1,0,0,1
0,1,0,11,0,49,8,1,15,8,0,0,0,1,0,0,0,0,0,0,0,0,20,0,3.8755,0,1,1,1,1,1,0,0,0,1
0,0,1,0,1,35,35,1,8,15,0,0,0,1,0,0,1,1,0,0,0,0,19,1,3.007,0,0,1,0,1,0,1,0,0,0
0,1,1,20,5,49,50,2,9,10,0,0,1,1,0,1,0,1,0,0,0,0,18,1,3.1827,0,0,1,1,0,0,1,0,1,0
0,1,2,8,3,50,20,1,8,12,0,0,0,1,0,0,1,1,0,0,0,0,21,0,3.715,0,1,0,0,0,0,0,0,0,0
0,1,1,4,2,76,14,1,10,30,0,1,1,1,0,0,1,1,0,0,0,0,24,1,3.8167,0,0,1,1,1,0,0,0,1,0
0,1,3,13,0,42,10,2,18,20,0,0,1,1,0,0,0,3,0,0,0,0,19,1,4,0,1,0,0,0,1,0,0,0,0
0,0,1,0,0,60,35,1,5,5,1,0,1,1,0,0,0,0,0,0,0,0,20,0,2.6457,0,0,1,1,1,0,1,0,1,1
0,0,0,0,0,0,0,1,24,16,0,0,0,1,0,0,0,0,0,0,0,0,18,1,3.348,0,0,1,1,0,0,0,0,0,0
1,1,1,0,5,42,0,1,12,1,0,0,0,1,0,0,0,0,1,1,0,1,32,0,2.8522,0,1,0,1,1,1,1,0,0,1
1,0,1,0,0,42,10,1,12,30,0,0,1,0,0,0,1,0,0,1,0,0,43,0,3.8723,0,0,0,1,0,0,0,0,0,0
0,1,1,44,1,35,22,1,4,2,0,0,0,1,0,0,0,0,0,0,0,1,30,0,3.75,0,1,1,1,0,0,1,0,0,1
0,1,1,24,4,45,21,1,15,5,0,0,0,1,0,0,1,2,0,0,0,0,20,1,3.3986,0,1,0,1,0,0,0,0,0,0
1,1,1,24,2,7,10,3,6,8,0,1,0,1,0,0,0,0,0,0,0,0,20,0,3.2596,0,0,0,1,0,0,0,0,1,0
0,1,1,50,5,56,27,1,15,15,0,0,0,0,0,0,0,0,0,0,0,0,20,0,3.1308,0,1,1,1,0,1,1,0,1,1
0,0,2,0,1,8,2,6,4,8,0,1,1,1,0,1,0,0,0,0,0,0,20,0,2.2923,0,0,1,0,0,0,0,0,1,1
0,1,1,25,0,45,10,1,7,5,0,0,0,1,0,0,1,0,0,0,0,0,20,0,3.7003,0,1,1,0,1,0,0,0,0,0
0,0,1,0,2,56,21,1,16,12,0,0,0,1,0,0,0,0,0,0,0,0,19,0,3.9605,0,0,1,1,0,1,1,0,0,0
0,0,1,0,0,56,15,2,6,7,0,0,1,1,0,0,0,0,0,0,0,0,19,0,2.8979,0,0,1,1,0,0,0,0,0,1
0,1,1,0,8,30,96,10,3,10,1,1,1,1,0,0,1,1,0,0,0,0,20,0,3.7155,0,1,1,0,0,0,1,0,1,0
0,1,2,20,4,50,10,1,20,35,0,0,1,1,0,0,0,3,0,0,0,0,25,0,4,0,1,1,0,0,0,0,0,0,0
0,0,1,10,6,56,10,10,5,16,0,1,1,1,1,0,1,0,0,0,0,0,31,0,3.9057,1,1,0,0,0,0,1,0,0,0
0,1,1,40,10,49,6,3,7,10,0,1,0,1,0,0,0,0,0,0,0,1,19,1,3.2142,0,0,1,0,0,0,0,0,0,0
0,0,1,0,2,50,10,1,9,30,0,0,0,1,0,0,0,0,1,0,0,0,35,1,4,0,0,1,0,0,0,0,0,1,0
0,1,1,50,7,49,20,1,0,40,0,0,0,1,1,0,0,2,0,1,0,0,30,0,4,1,0,1,1,0,0,1,0,1,0
1,1,1,2,0,40,20,9,10,10,0,1,1,1,0,0,0,0,0,1,0,0,19,0,3.62,0,1,1,0,1,0,0,0,1,1
0,1,1,40,2,42,8,1,3,6,0,0,0,1,0,0,0,0,0,0,0,0,31,0,4,1,1,1,1,0,0,1,0,0,1
1,1,2,0,0,40,5,1,30,60,0,0,1,1,0,0,0,0,0,0,0,0,21,0,3.2176,0,1,0,0,0,0,0,0,0,0
0,1,1,25,0,49,10,2,12,30,0,0,1,1,1,0,1,0,0,0,0,0,26,1,4,0,1,0,1,0,0,1,0,1,0
0,1,1,40,1,35,20,1,5,5,0,0,0,1,0,0,0,0,0,0,0,0,23,0,3.715,1,1,0,1,1,0,1,0,0,1
1,1,1,8,1,60,40,1,7,15,0,0,1,1,0,0,0,0,0,0,0,0,23,1,3.6595,1,0,1,1,1,0,0,0,0,0
1,1,1,25,10,5,4,8,5,20,0,1,1,1,1,0,1,1,0,0,0,0,45,0,2.7614,1,0,1,0,0,0,0,1,1,1
1,0,1,0,8,42,5,8,8,15,1,0,1,1,0,0,0,0,0,0,0,1,28,0,3.3245,0,0,1,0,1,1,1,1,0,1
0,1,2,45,1,50,2,1,4,6,0,0,0,0,0,0,0,0,0,0,0,1,34,1,3.8333,1,0,0,1,0,0,1,0,0,1
0,1,1,60,7,42,7,1,22,30,0,0,0,1,1,0,1,0,0,0,0,1,47,1,2.8978,0,0,0,1,0,0,1,0,0,1
0,1,3,20,0,42,21,1,0,4,0,0,0,1,0,0,0,0,0,0,0,1,41,0,4,1,0,0,0,0,0,1,0,0,0
0,0,1,0,1,56,21,1,20,20,0,0,0,1,0,0,0,0,0,0,0,0,18,0,3.2453,0,0,0,1,0,0,0,0,1,0
0,0,2,0,3,49,28,2,17,35,0,0,1,1,0,0,1,2,0,0,0,0,19,1,4,0,0,0,1,1,0,0,0,0,0
0,1,2,48,5,30,5,2,36,36,0,0,0,1,1,0,1,0,0,0,0,0,48,1,3.7777,1,0,0,0,0,0,1,0,0,1
0,0,2,0,0,48,30,6,12,25,0,1,1,1,1,0,0,1,0,0,0,0,19,1,4,0,1,0,1,1,1,1,0,1,1
0,1,1,24,0,30,20,1,8,4,0,0,0,0,0,0,0,1,0,0,0,0,22,1,2.923,0,1,1,1,1,0,0,0,0,0
0,0,1,0,0,50,45,1,30,15,0,0,0,1,0,0,0,0,0,0,0,1,51,1,3.7222,0,0,0,0,0,0,1,0,0,1
0,1,2,55,4,60,35,1,5,15,0,1,1,1,0,0,1,1,0,0,0,0,18,1,3.146,0,1,0,0,0,0,1,1,0,0
0,1,3,72,2,5,2,4,5,2,0,1,1,1,1,0,1,1,0,0,0,1,28,1,3.21,1,1,1,1,0,0,1,1,0,1
0,1,1,40,100,46,4,4,0,16,1,1,1,1,1,1,0,3,1,0,0,1,39,0,3.8214,1,1,1,0,0,0,0,1,0,1
0,0,1,0,3,45,15,1,10,10,0,0,0,1,0,0,0,0,0,0,0,0,19,0,3.7168,0,1,0,0,1,1,0,0,0,1
0,1,1,45,2,30,12,5,8,2,1,1,1,1,0,0,0,0,0,0,0,1,42,0,4,1,1,0,1,1,0,1,0,0,1
0,1,1,40,4,40,20,1,25,25,0,0,0,0,0,0,0,0,0,0,0,0,46,0,3.734,1,0,0,1,0,0,1,0,1,1
1,0,1,0,1,35,14,2,28,21,0,1,0,1,0,0,0,0,0,0,0,0,21,0,3.8773,0,0,1,1,0,1,0,1,1,0
0,1,1,23,3,7,6,1,3,6,0,1,0,1,0,0,0,0,0,0,0,0,19,1,3.7506,0,1,1,1,0,0,1,0,1,0
1,0,2,0,1,40,10,1,2,10,0,1,1,1,1,1,0,3,1,0,0,0,21,0,3.0766,0,0,1,1,1,0,0,0,0,1
0,1,2,29,5,45,10,8,16,10,0,1,1,0,1,1,1,1,1,0,0,0,20,0,3.0415,0,1,1,1,0,1,0,0,1,1
1,0,1,0,1,42,20,5,8,35,0,1,0,1,0,0,1,2,1,0,0,0,18,0,3.4778,0,1,1,0,0,0,0,0,1,1
0,1,1,15,4,40,2,1,5,3,0,0,0,0,0,0,1,0,0,0,0,0,27,0,3.8666,0,1,1,0,0,0,1,0,0,1
1,1,1,0,0,8,3,1,5,4,0,0,0,1,0,0,0,0,0,0,0,0,19,1,3.8,0,1,0,0,0,1,0,1,0,0
1,0,1,0,0,49,20,1,5,26,0,0,0,0,0,0,0,0,0,0,0,0,18,0,4,0,0,1,0,0,0,0,0,1,0
0,1,1,10,2,48,12,1,20,20,0,0,0,1,0,0,1,0,0,0,0,0,29,0,3.5166,0,1,1,0,0,0,1,0,0,0
0,1,2,25,3,49,5,1,12,5,0,0,0,1,0,0,0,2,0,0,0,0,20,1,3.4965,0,1,0,1,0,1,1,1,0,0
1,1,1,18,36,48,12,2,12,10,1,1,1,1,0,0,0,2,1,0,0,0,18,0,3.3861,0,1,1,0,1,1,1,1,0,1
1,1,1,20,10,40,5,1,13,15,0,0,1,1,1,0,0,1,0,0,0,0,20,0,2.6662,0,0,1,1,0,0,1,0,1,1
0,1,2,60,0,40,5,2,10,10,1,0,0,1,0,1,1,0,1,0,0,0,18,0,3.778,0,1,1,1,1,1,1,0,0,1
0,1,2,4,8,48,14,1,15,28,0,0,0,0,0,0,1,4,0,0,0,0,20,0,4,0,1,0,0,1,1,0,0,0,0
1,1,2,3,0,42,15,7,40,45,0,1,1,1,0,0,1,1,0,0,0,0,21,0,3.9031,0,1,0,0,0,0,0,0,0,0
0,1,3,60,1,49,31,2,3,24,0,1,1,1,0,0,0,0,0,0,0,1,57,0,4,1,1,0,1,0,0,1,0,0,1
0,0,0,0,2,7,4,4,4,6,0,1,1,1,0,0,1,0,0,0,0,0,19,1,2.5244,0,0,0,1,1,1,1,0,0,1
0,0,0,0,2,50,10,2,26,40,0,0,1,1,0,0,0,0,0,0,1,0,19,1,2.6562,0,0,0,1,0,0,0,0,0,0
0,1,1,39,2,49,10,4,6,15,0,1,1,0,0,0,0,0,0,0,0,0,19,0,3.658,0,1,1,1,1,1,1,0,0,1
0,1,1,60,1,42,6,1,6,24,1,0,1,1,0,0,1,0,0,0,0,1,35,1,3.165,0,0,1,1,1,0,1,0,0,1
0,1,0,36,0,42,3,1,3,6,0,0,0,1,0,0,0,0,0,0,0,0,40,0,4,1,1,1,0,0,0,1,1,0,0
0,1,2,40,1,35,6,10,18,20,0,1,1,0,1,0,1,2,0,0,0,0,28,1,3.6663,0,1,1,1,1,1,1,1,0,0
0,1,1,40,2,42,10,1,1,17,0,0,0,0,0,0,0,0,0,0,0,0,28,0,4,1,0,1,1,0,0,1,0,0,1
0,1,1,37,5,36,5,1,2,20,1,0,0,0,0,0,0,0,0,0,0,1,38,0,3.835,1,1,0,1,1,0,1,0,0,0
1,0,1,0,6,35,8,4,8,35,0,1,1,1,0,0,1,0,0,0,0,0,29,0,3.875,0,0,1,1,0,0,1,1,0,0
1,1,1,40,3,56,14,2,16,4,0,0,0,1,0,0,0,0,1,0,0,0,30,1,3.75,1,1,1,1,0,0,1,0,0,1
0,0,1,10,0,60,20,4,4,10,0,1,1,0,0,0,0,1,1,0,0,0,20,0,3.1631,0,0,0,1,1,0,0,0,1,0
1,0,1,23,2,42,35,7,9,42,0,1,1,1,0,0,0,0,1,0,0,0,23,0,4,1,1,1,1,0,0,0,0,0,0
0,1,3,75,5,22,2,1,0,5,0,0,1,1,1,0,1,0,0,0,0,1,43,1,3.3592,1,0,0,1,0,0,1,0,0,0
1,0,1,0,3,42,5,5,10,8,0,0,0,0,0,0,1,1,0,0,0,0,30,1,4,1,0,0,1,1,0,0,1,0,1
0,1,1,4,2,60,10,1,10,35,1,1,1,1,1,0,1,3,1,0,0,0,20,1,3.9029,0,1,1,0,1,0,0,0,0,0
0,1,1,42,3,50,20,7,12,5,0,1,1,0,1,0,1,0,0,0,0,0,25,0,4,0,1,1,0,0,1,1,1,1,0
0,1,1,40,6,42,37,1,3,40,0,0,0,1,0,0,0,1,0,0,0,0,29,0,4,1,1,1,0,0,1,0,0,1,1
1,0,1,0,2,56,3,9,15,5,0,1,1,1,1,1,1,0,0,0,0,0,19,0,3.7581,0,0,0,1,0,0,1,0,0,0
0,1,1,39,12,45,2,1,10,2,0,0,0,1,0,0,0,2,0,0,0,0,18,0,4,0,1,1,1,0,1,1,0,0,1
1,1,1,10,2,18,5,5,12,15,0,1,1,0,0,0,0,0,0,0,0,0,22,0,3.298,0,1,1,1,1,0,0,0,0,0
1,0,1,0,0,52,20,2,7,34,0,0,1,1,0,0,0,2,0,0,0,0,18,0,3.4162,0,0,1,1,1,0,1,0,1,1
1,0,0,3,5,60,35,1,12,10,0,0,0,1,0,0,0,0,0,0,0,0,19,0,3.7667,0,1,1,0,1,1,0,0,0,0
0,0,1,0,2,52,10,10,60,7,1,1,1,0,0,0,0,0,0,0,0,0,21,1,2.8425,0,1,1,0,0,0,0,0,0,0
1,0,1,0,0,63,21,1,6,56,0,0,0,1,0,0,0,0,0,0,0,0,18,0,3.9175,0,0,1,0,0,0,0,0,0,0
0,1,2,15,4,32,12,5,15,30,0,0,1,1,1,0,1,1,1,0,0,0,21,1,3.4359,0,1,1,0,0,0,1,1,0,0
0,1,1,14,0,45,10,1,10,2,0,0,0,0,0,0,0,0,0,0,0,0,21,0,3.8118,0,1,0,1,0,0,1,0,0,0
0,1,1,50,4,49,1,1,10,1,1,0,0,1,0,0,0,0,0,0,0,1,37,0,3.8337,1,0,1,1,1,1,1,0,0,0
0,1,1,40,5,45,5,1,3,4,0,1,1,1,0,0,1,0,0,0,0,1,36,0,3.9175,1,1,0,0,0,0,1,1,0,1
0,1,1,40,3,56,20,1,2,10,0,0,0,1,0,0,0,1,0,0,1,0,20,0,4,1,1,0,0,0,0,1,0,0,0
1,0,1,0,5,49,22,9,34,21,0,1,1,0,0,0,0,3,1,0,0,0,18,0,3.8,0,0,1,1,1,1,0,0,1,1
1,0,2,4,5,35,15,3,5,8,0,1,1,0,0,0,0,3,1,0,0,0,18,0,4,0,0,1,1,0,0,0,1,1,1
0,1,2,40,1,42,25,9,11,5,0,1,1,0,0,0,0,0,1,0,0,0,19,0,3.8693,0,0,1,1,0,0,1,0,1,1
0,1,1,55,10,64,2,6,20,6,0,1,1,0,0,0,0,0,1,0,0,0,19,0,3.4402,0,1,1,1,1,1,1,0,1,1
0,1,1,16,10,8,24,4,5,2,0,1,1,0,0,0,0,3,1,0,0,0,25,0,4,1,1,0,1,0,0,1,0,1,1
0,1,1,60,0,50,10,3,20,0,0,1,1,0,0,0,0,0,1,0,0,0,18,0,3.585,0,1,1,1,0,0,1,0,1,1
0,0,2,11,3,7,5,3,5,10,0,1,1,0,0,0,0,0,1,0,0,0,18,1,3,0,0,0,1,0,0,1,0,1,1
0,0,1,0,0,63,25,6,5,28,0,1,1,0,0,0,0,1,1,0,0,0,18,0,3.9165,0,0,0,0,0,0,1,0,1,1
0,1,1,27,7,42,6,2,7,20,0,1,1,0,0,0,0,3,1,0,0,0,20,0,3.279,0,1,1,1,1,1,1,0,1,1
0,0,1,0,0,56,5,1,4,20,0,0,1,0,0,0,0,0,1,0,0,0,20,1,3.8374,0,0,1,1,1,1,0,0,1,1
0,1,1,35,5,35,3,6,1,12,0,1,1,0,0,0,0,0,1,0,0,0,18,0,3.75,1,0,0,0,0,0,0,0,1,1
0,1,2,40,5,63,20,10,2,28,0,1,1,0,0,0,0,1,1,0,0,0,19,0,3.4018,0,1,1,0,0,0,0,1,1,1
0,1,0,0,6,70,60,9,8,10,0,1,1,0,0,0,0,1,1,0,0,0,20,0,3.7829,0,1,1,1,0,0,1,0,1,1
0,0,1,0,0,49,21,5,3,42,0,1,1,0,0,0,0,0,1,0,0,0,18,0,4,0,0,1,0,0,0,0,0,1,1
1,1,1,28,1,42,5,7,20,3,0,1,1,0,0,0,0,1,1,0,0,0,20,0,2.9645,0,1,1,1,1,0,1,0,1,1
0,0,1,8,1,50,12,1,21,42,0,1,1,0,0,0,0,0,1,0,0,0,20,0,3.8657,0,0,0,1,0,0,0,0,1,1
0,0,1,0,1,7,0,5,6,12,0,1,1,0,0,0,0,0,1,0,0,0,21,0,1.9985,0,0,0,1,0,0,1,0,1,1
1,1,1,2,5,42,5,6,15,5,0,1,1,0,0,0,0,1,1,0,0,0,21,1,3.065,0,1,0,0,1,1,0,0,1,1
0,1,3,50,8,56,20,6,11,6,0,1,1,0,0,0,0,1,1,0,0,0,20,0,3.1548,0,1,0,0,0,1,1,1,1,1
1,1,1,24,2,48,15,8,5,10,0,1,1,0,0,0,0,0,1,0,0,0,20,0,3.4742,0,1,1,0,1,1,1,0,1,1
0,1,1,15,1,60,20,1,17,50,0,0,1,0,0,0,0,1,1,0,0,0,20,1,2.76,0,1,0,0,0,0,0,0,1,1
1,0,1,0,2,16,4,4,9,6,0,1,1,0,0,0,0,1,1,0,0,0,21,1,2.8207,0,0,1,1,1,0,1,0,1,1
0,0,1,6,0,21,2,1,5,4,0,1,1,0,0,0,0,0,1,0,0,0,22,0,3.8,0,0,0,1,0,0,1,0,1,1
0,1,1,20,8,42,5,4,4,12,0,1,1,0,0,0,0,0,1,0,0,0,19,1,2.2552,0,0,0,0,0,0,1,0,1,1
0,1,1,16,1,35,5,6,8,10,0,1,1,0,0,0,0,0,1,0,0,0,33,0,4,0,1,1,0,0,0,0,0,1,1
0,0,1,0,0,48,10,10,1,6,0,1,1,0,0,0,0,0,1,0,0,0,23,0,2.7494,0,0,0,1,0,0,1,0,1,1
0,1,1,30,7,7,5,4,12,10,0,1,1,0,0,0,0,2,1,0,0,0,19,0,3.7961,0,1,1,0,0,1,1,0,1,1
0,1,2,35,3,60,20,9,2,10,0,1,1,0,0,0,0,2,1,0,0,0,20,0,4,0,1,0,1,0,0,0,0,1,1
1,1,2,30,2,30,3,3,7,7,0,1,1,0,0,0,0,1,1,0,0,0,20,0,3.9175,0,1,0,1,0,0,1,0,1,1
0,1,2,40,0,49,5,2,4,30,0,1,1,0,0,0,0,3,1,0,0,0,20,0,3.9415,0,1,0,0,0,0,0,0,1,1
0,1,1,6,10,42,10,1,4,5,0,0,1,1,0,0,0,2,1,0,0,0,22,0,3.4986,0,1,1,1,1,0,0,0,1,1
0,1,1,25,1,49,10,3,12,10,0,1,1,0,0,0,0,0,1,0,0,0,18,0,3.8235,0,1,1,1,0,1,1,0,1,1
0,1,1,55,4,6,5,2,12,15,0,1,1,0,0,0,0,0,1,0,0,0,25,1,2.6378,0,0,0,1,0,0,1,0,1,1
0,0,2,0,0,35,20,7,10,10,0,1,1,0,0,0,0,1,0,0,0,0,21,1,3.25,0,0,0,1,0,0,0,0,1,1
0,0,2,15,0,30,7,3,20,4,0,1,1,0,0,0,0,0,1,0,0,0,20,1,3.7504,0,0,0,1,0,0,1,0,1,1
1,0,2,0,2,40,10,7,15,15,0,1,1,0,0,0,0,0,1,0,0,0,18,0,3.7272,0,0,0,1,0,0,0,0,1,1
0,1,1,30,0,50,10,1,20,15,0,0,0,0,0,0,0,2,1,0,0,0,21,0,3.772,0,1,1,0,1,1,1,0,1,1
0,0,1,0,2,42,2,10,9,4,0,1,1,0,0,0,0,0,1,0,0,0,25,1,3.7222,0,0,1,0,0,0,1,0,1,1
0,0,1,8,1,46,5,6,12,50,0,1,1,0,0,0,0,0,1,0,0,0,39,1,3.2,0,0,0,0,0,0,1,0,1,1
0,0,1,0,7,52,21,6,2,10,0,1,1,0,0,0,0,1,1,0,0,0,19,0,3.5566,0,0,1,1,1,1,1,0,1,1
0,1,1,0,7,50,21,7,6,10,0,1,1,0,0,0,0,2,1,0,0,0,36,0,4,0,1,1,1,0,0,1,0,1,1
0,1,1,45,0,37,6,8,3,2,0,1,1,0,0,0,0,0,1,0,0,0,21,0,3.2427,0,0,0,1,0,0,0,0,1,1
0,1,1,40,4,42,6,6,2,3,0,1,1,0,0,0,0,0,1,0,0,0,34,1,2.0837,1,1,1,0,1,1,1,0,1,1
0,1,1,50,0,5,5,5,6,12,0,1,1,0,0,0,0,0,1,0,0,0,18,1,2.5,1,0,0,1,0,0,0,0,1,1
1,0,2,0,1,45,5,10,12,35,0,1,1,0,0,0,0,2,1,0,0,0,18,0,3.75,0,0,1,1,0,1,1,0,1,1
0,0,1,0,4,45,6,10,26,20,0,1,1,0,0,0,0,0,1,0,0,0,29,1,2.6141,0,0,0,1,0,0,1,0,1,1
0,0,1,0,1,50,10,10,42,10,0,1,1,0,0,0,0,2,1,0,0,0,21,1,2.966,0,0,1,1,0,1,1,0,1,1
0,0,0,0,6,42,5,6,1,10,0,1,1,0,0,0,0,0,1,0,0,0,18,0,4,0,0,0,1,0,0,1,0,1,1
0,0,1,0,0,16,5,7,4,10,0,1,1,0,0,0,0,0,1,0,0,0,18,1,2.666,0,0,0,1,1,0,1,0,1,1
0,1,1,13,3,5,5,8,15,2,0,1,1,0,0,0,0,3,1,0,0,0,19,0,3.1081,0,1,1,0,0,1,1,0,1,1
0,0,1,8,7,50,12,4,30,20,0,1,1,0,0,0,0,0,1,0,0,0,34,0,3.301,0,0,0,1,0,0,1,0,1,1
0,1,1,20,8,48,5,1,4,45,0,0,1,0,0,0,0,1,1,0,0,0,20,0,2.6664,0,1,1,0,0,0,0,0,1,1
0,0,1,0,0,49,7,3,9,10,0,1,0,0,0,0,0,0,1,0,0,0,18,1,3.7333,0,0,0,1,0,0,0,0,1,1
0,0,1,0,0,35,14,1,5,34,0,0,0,1,0,0,0,0,1,0,0,0,18,0,3.9238,0,0,0,0,1,0,0,0,1,1
0,0,1,0,0,35,6,8,20,18,0,1,1,0,0,0,0,0,1,0,0,0,22,1,3.0725,0,0,1,0,1,1,0,0,1,1
0,0,1,2,2,56,35,2,4,20,0,1,1,0,0,0,0,1,1,0,0,0,21,0,3.4789,0,1,0,1,1,0,0,0,1,1
1,0,2,0,1,60,20,7,4,30,0,1,1,0,0,0,0,0,1,0,0,0,19,0,3.9309,0,0,1,0,1,1,0,0,1,1
1,0,2,23,6,49,20,6,20,25,0,1,1,0,0,0,0,1,1,0,0,0,20,1,3.6529,0,0,0,0,0,0,1,0,1,1
0,0,1,21,0,50,14,6,4,15,0,1,1,0,0,0,0,0,1,0,0,0,18,0,3.6868,0,0,0,0,0,0,0,1,1,1
0,1,1,13,10,40,5,7,5,2,0,1,1,0,0,0,0,0,1,0,0,0,23,0,3.9285,0,0,1,0,0,1,0,1,1,1
0,0,1,0,1,49,14,5,8,25,0,1,1,0,0,0,0,0,1,0,0,0,21,0,3.2105,0,0,0,1,0,0,1,0,1,1
1,0,1,0,0,28,5,6,16,7,0,1,1,0,0,0,0,1,1,0,0,0,18,1,3.3773,0,0,1,1,1,1,1,0,1,1
1,0,2,0,2,42,20,10,4,56,0,1,1,0,0,0,0,3,1,0,0,0,20,0,3.33,0,1,1,0,1,0,0,0,1,1
1,0,1,23,3,25,2,9,20,18,0,1,1,0,0,0,0,0,1,0,0,0,18,1,3.4781,0,0,1,1,0,0,0,0,1,1
1,1,1,20,4,42,5,7,15,50,0,1,1,0,0,0,0,0,1,0,0,0,22,0,3.1209,0,0,0,1,0,0,0,0,1,1
0,1,1,30,1,7,5,5,7,12,0,1,1,0,0,0,0,1,1,0,0,0,26,0,3.9333,0,1,1,1,0,0,0,0,1,1
0,1,2,30,0,50,20,7,13,15,0,1,1,0,0,0,0,3,1,0,0,0,21,0,3.5599,0,1,1,1,1,1,1,0,1,1
0,1,1,7,0,49,15,6,9,25,0,1,1,0,0,0,0,0,1,0,0,0,24,0,4,0,0,1,1,0,0,1,0,1,1
0,1,2,40,6,33,20,5,3,15,0,1,1,0,0,0,0,2,1,0,0,0,30,0,3.335,1,0,0,1,1,0,1,0,1,1
0,0,1,0,3,49,12,2,8,21,0,1,1,0,0,0,0,0,1,0,0,0,20,0,3.5398,0,0,0,1,0,0,1,0,1,1
0,1,2,30,0,51,21,2,40,20,0,1,1,0,0,0,0,3,1,0,0,0,26,0,3.7857,0,1,1,1,0,1,1,0,1,1
1,1,1,50,7,54,4,5,4,15,0,1,1,0,0,0,0,0,1,0,0,0,19,0,3.7928,0,1,1,0,0,0,1,1,1,1
1,0,2,20,6,42,14,1,8,12,0,1,1,0,0,0,0,1,1,0,0,0,18,0,4,0,0,1,0,0,0,1,0,1,1
1,0,1,0,5,42,25,10,30,17,0,1,1,0,0,0,0,0,1,0,0,0,18,0,1.3537,0,0,1,1,1,1,1,0,1,1
0,1,1,28,4,38,6,2,7,45,0,1,1,0,0,0,0,0,1,0,0,0,20,1,3.289,0,1,0,1,1,0,0,0,1,1
1,0,1,0,2,54,5,5,5,15,0,1,1,0,0,0,0,1,1,0,0,0,18,0,3.9057,0,1,1,0,1,0,1,1,1,1
1,1,3,40,4,40,15,5,10,32,0,1,1,0,0,0,0,0,1,0,0,0,18,0,4,0,1,0,1,0,0,0,0,1,1
0,0,0,0,4,38,5,7,17,10,0,1,1,0,0,0,0,0,1,0,0,0,20,1,3.3056,0,0,0,1,0,0,1,0,1,1
0,1,1,45,1,49,4,3,5,20,0,1,1,0,0,0,0,0,1,0,0,0,43,1,3.3333,1,0,0,1,0,0,1,0,1,1
1,1,2,30,1,40,2,4,5,26,0,1,1,0,0,0,0,0,1,0,0,0,18,0,4,0,0,0,1,0,0,0,0,1,1
0,1,1,50,15,56,0,5,15,15,0,0,0,1,1,0,1,0,0,0,0,0,40,0,4,1,1,1,0,0,0,1,0,1,1
1,1,2,55,1,35,5,4,13,34,0,1,1,0,0,0,0,0,1,0,0,0,19,0,3.1348,0,0,0,1,0,0,0,0,1,1
0,1,1,23,5,42,20,8,6,20,0,1,1,1,0,0,0,1,1,0,0,0,21,0,3.8902,0,1,1,1,0,0,0,0,1,1
0,0,1,4,2,50,45,5,15,50,0,1,1,0,0,0,0,0,1,0,0,0,30,0,3.1108,0,0,1,1,1,1,1,0,1,1
0,0,1,0,8,50,5,8,13,45,0,1,1,0,0,0,0,1,1,0,0,0,25,0,3.9492,0,0,1,1,1,0,1,0,1,1
0,1,1,13,3,42,4,8,1,42,0,1,1,0,0,0,0,0,1,0,0,0,19,0,3.9354,0,1,1,0,0,0,0,0,1,1
0,1,1,40,3,42,5,5,5,15,0,1,1,0,0,0,0,0,1,0,0,0,18,0,2.8705,0,0,1,1,0,0,1,0,1,1
0,1,1,50,8,64,2,1,10,10,0,1,1,0,0,0,0,0,1,0,0,0,19,1,3.6421,0,0,1,1,0,0,1,0,1,1
0,1,1,40,5,54,10,6,17,2,0,1,1,0,0,0,0,2,1,0,0,0,20,0,2.2066,0,1,0,1,1,1,1,0,1,1
0,1,1,43,5,36,14,9,4,2,0,1,1,0,0,0,0,0,1,0,0,0,33,0,4,1,1,0,1,0,0,1,0,1,1
1,1,1,4,2,7,5,5,12,10,0,1,1,0,0,0,0,1,1,0,0,0,20,1,2.6184,0,1,0,0,1,1,0,0,1,1
1,0,1,0,1,56,96,1,24,40,0,1,1,0,0,0,0,3,1,0,0,0,18,0,3.6442,0,0,1,1,0,0,0,0,1,1
0,0,1,0,6,35,15,9,4,45,0,1,1,0,0,0,0,0,1,0,0,0,19,0,4,0,0,0,1,0,0,0,0,1,1
0,0,2,23,5,8,5,7,3,4,0,1,1,0,0,0,0,0,1,0,0,0,21,1,2.9987,0,0,1,0,0,1,0,1,1,1
0,1,1,35,10,56,5,8,6,10,0,1,1,0,0,0,0,0,1,0,0,0,32,0,4,0,0,1,0,0,1,1,0,1,1
1,0,1,0,0,48,4,5,6,15,0,1,1,0,0,0,0,0,1,0,0,0,18,1,3.5714,0,0,1,0,1,1,0,0,1,1
1,0,1,0,2,20,5,6,10,15,1,1,1,1,0,0,0,1,1,0,0,0,18,0,3.3853,0,1,0,1,1,1,0,0,1,1
0,0,0,0,4,52,6,6,2,10,0,1,1,0,0,0,0,0,1,0,0,0,23,1,3.7692,0,0,0,1,0,0,1,0,1,1
1,0,1,0,1,50,35,5,6,5,0,1,1,0,0,0,0,1,1,0,0,0,19,0,3.7969,0,0,1,1,0,0,1,0,1,1
0,1,1,22,2,35,6,8,2,45,0,1,1,0,0,0,0,0,1,0,0,0,21,0,3.2087,0,0,0,1,1,1,1,0,1,1
0,0,1,0,7,50,25,4,0,4,0,1,1,0,0,0,0,0,1,0,0,0,18,1,4,0,0,0,1,0,0,0,0,1,1
1,0,1,0,0,49,12,5,12,25,0,0,0,0,0,0,0,0,1,0,0,0,39,1,3.6666,1,0,1,1,0,0,1,0,1,1
0,1,1,42,0,42,5,7,20,26,0,1,1,0,0,0,0,0,1,0,0,0,19,1,3.5002,0,0,1,1,1,0,1,0,1,1
1,0,2,0,8,60,20,4,10,20,0,1,1,0,0,0,0,1,1,0,0,0,18,0,3.5688,0,0,1,1,0,0,1,0,1,1
0,0,2,0,10,30,12,1,12,30,0,1,1,0,0,0,0,0,1,0,0,0,19,1,2.9558,0,0,0,1,0,0,0,0,1,1
0,1,1,40,5,40,5,1,5,3,0,1,1,0,0,0,0,0,1,0,0,0,25,0,3.2542,1,1,0,1,0,0,1,0,1,1
1,1,2,20,0,63,15,10,30,15,0,1,1,0,0,0,0,1,1,0,0,0,20,0,3.7625,0,1,1,0,0,0,0,0,1,1
1,0,1,0,0,42,5,2,5,4,0,1,1,0,0,0,0,0,1,0,0,0,21,0,3.7956,0,0,0,0,1,0,0,0,1,1
1,0,1,0,0,60,70,1,12,4,0,1,1,0,0,0,0,1,1,0,0,0,20,1,2.3162,0,0,0,1,0,0,0,0,1,1
0,1,2,40,6,6,2,1,6,3,0,1,0,1,1,0,1,1,0,0,0,0,18,0,3.2262,0,1,1,1,1,0,1,0,1,1
1,0,1,0,7.5,42,22,9,6,18,0,1,1,0,0,0,0,1,1,0,0,0,18,0,3.3936,0,0,0,1,0,0,0,0,1,1
1,0,1,0,0,56,20,10,10,5,0,1,1,0,0,0,0,0,1,0,0,0,19,0,3.3874,0,0,1,1,1,1,1,0,1,1
1,1,0,6,4,49,31,6,5,5,0,1,1,0,0,0,0,3,1,0,0,0,19,0,3.9569,0,1,1,0,1,1,1,1,1,1
1,1,2,27,10,40,2,4,50,28,0,1,1,0,0,0,0,2,1,0,0,0,18,1,3.2924,0,1,1,1,1,0,1,0,1,1
0,0,1,0,5,49,20,1,12,20,0,1,1,0,0,0,0,1,1,0,0,0,45,0,3.8846,0,0,0,0,0,0,0,0,1,1
0,1,1,16,5,49,8,6,15,12,0,1,1,0,0,0,0,1,1,0,0,0,20,1,2.7535,0,0,1,1,0,0,1,0,1,1
0,1,1,21,0,30,35,2,8,10,0,1,1,0,0,0,0,1,1,0,0,0,20,0,3.6111,0,1,0,1,1,1,0,0,1,1
1,1,2,30,0,70,5,1,20,2,0,0,0,0,0,0,0,0,0,0,0,0,18,0,2.1527,0,0,0,0,0,1,0,0,0,1
0,1,0,20,4,56,14,8,20,12,0,1,1,0,0,0,0,2,1,0,0,0,25,0,4,0,1,1,0,0,0,0,0,1,1
